100 1018
0 2 9879
0 8 7443
0 11 3420
0 15 9652
0 21 9587
0 28 4290
0 29 6057
0 30 7663
0 31 210
0 36 44
0 40 5259
0 55 1367
0 61 3280
0 62 1416
0 65 5094
0 70 6595
0 73 7502
0 82 8733
0 83 542
0 88 9952
0 90 5606
1 4 7839
1 7 8589
1 10 2838
1 19 1767
1 23 6756
1 26 4288
1 28 4282
1 31 859
1 32 6863
1 34 1676
1 36 7440
1 46 3086
1 71 120
1 75 4057
1 78 9834
1 81 532
1 86 9839
1 95 1527
1 98 7422
2 7 5473
2 17 9343
2 18 9790
2 25 4500
2 26 4448
2 29 1105
2 35 2524
2 40 2487
2 41 322
2 46 7693
2 49 299
2 51 917
2 53 7681
2 61 5625
2 64 3663
2 75 2135
2 76 6650
2 79 375
2 80 3103
2 83 5874
2 85 4954
2 98 7205
3 5 5669
3 9 3964
3 22 1315
3 23 13
3 25 8910
3 32 7085
3 45 8806
3 46 1418
3 48 1598
3 52 1069
3 59 742
3 62 269
3 69 2938
3 82 6380
3 83 7113
3 91 8790
3 93 840
3 98 4672
3 99 7524
4 7 7585
4 13 9325
4 23 6345
4 24 3472
4 25 2714
4 35 1799
4 39 4824
4 43 2462
4 45 6220
4 48 924
4 50 2752
4 53 4046
4 59 7597
4 60 5110
4 65 1932
4 69 7564
4 76 5505
4 79 4538
4 81 4026
4 83 5664
4 91 6384
4 98 5914
5 7 4296
5 9 3185
5 11 6355
5 17 1359
5 18 9984
5 22 8955
5 26 7086
5 41 2298
5 46 4883
5 50 8694
5 53 3949
5 58 2236
5 61 3410
5 63 7748
5 66 161
5 70 7781
5 72 7483
5 76 538
5 79 4746
5 86 5178
5 90 3401
6 8 8282
6 11 1831
6 30 5801
6 37 926
6 45 7349
6 54 10091
6 61 9583
6 64 7467
6 75 5224
6 83 9463
6 84 2220
6 86 7907
6 92 3814
6 94 6124
6 95 3684
7 8 5138
7 9 7484
7 14 1833
7 16 2777
7 21 2255
7 23 1150
7 24 1267
7 27 9374
7 29 8548
7 30 668
7 42 6530
7 44 3200
7 46 2260
7 48 4199
7 56 1803
7 57 4343
7 68 9529
7 75 3342
7 82 4867
7 85 2733
7 89 4645
7 93 7256
7 94 9440
8 11 8466
8 12 1935
8 18 3739
8 21 9611
8 22 2862
8 23 6867
8 32 4474
8 35 3861
8 36 6957
8 37 809
8 39 6206
8 40 2428
8 69 3043
8 71 8711
8 72 2419
8 81 796
8 86 4280
8 91 7842
8 92 8506
9 11 3576
9 16 452
9 19 7381
9 27 5493
9 30 6194
9 32 8173
9 36 7932
9 39 6722
9 41 2881
9 51 6937
9 57 8815
9 63 5641
9 66 7750
9 92 5681
9 94 2447
9 99 5449
10 18 39
10 20 7763
10 30 1282
10 35 8524
10 37 9408
10 39 9944
10 48 913
10 54 2128
10 56 3711
10 58 4638
10 59 5814
10 62 8949
10 69 5195
10 72 9542
10 73 8109
10 74 6198
10 76 6839
10 85 2861
10 87 5234
10 91 2690
10 97 5474
11 18 1212
11 29 9203
11 42 10023
11 48 3582
11 49 7402
11 51 6271
11 53 2582
11 55 8818
11 57 6435
11 70 8271
11 73 6302
11 75 10095
11 77 9962
11 82 1130
11 83 9535
11 86 8321
11 88 387
11 89 9258
12 13 8387
12 17 2933
12 25 5066
12 32 4244
12 34 9348
12 35 3403
12 36 6692
12 39 1629
12 66 8886
12 72 3250
12 74 8179
12 77 2424
12 78 1823
12 89 10158
12 94 5216
13 22 887
13 23 4105
13 24 6840
13 37 3652
13 40 583
13 42 604
13 49 2064
13 51 3937
13 56 3728
13 59 3402
13 63 8908
13 64 2731
13 66 3704
13 67 9905
13 77 8812
13 82 9162
13 89 1557
13 92 5573
13 93 5129
13 95 8430
13 98 5528
14 15 2850
14 21 2952
14 35 1946
14 37 920
14 41 9496
14 43 9360
14 50 1319
14 51 9698
14 54 9142
14 71 1797
14 73 3722
14 91 3421
14 96 98
15 26 6113
15 30 10078
15 32 7797
15 33 1842
15 37 5637
15 38 4945
15 44 9284
15 48 6887
15 50 7672
15 65 9917
15 79 3583
15 91 7290
15 93 4202
15 95 7662
15 96 7379
15 98 4378
16 17 5988
16 20 1538
16 22 2716
16 29 9064
16 35 6837
16 36 811
16 38 904
16 48 5420
16 50 9424
16 52 1741
16 53 6430
16 58 7780
16 59 1348
16 61 3079
16 64 4192
16 65 57
16 69 406
16 72 70
16 76 8233
16 93 8229
16 95 8814
17 21 6447
17 22 8459
17 28 8669
17 53 9903
17 54 9726
17 55 4281
17 56 6440
17 61 8160
17 62 9400
17 67 5839
17 68 5429
17 75 1483
17 76 2920
17 80 7102
17 82 5648
17 87 7920
17 92 3066
17 93 7760
18 21 6027
18 27 5384
18 29 4886
18 35 4676
18 36 9566
18 37 4695
18 44 9144
18 59 2539
18 61 4577
18 62 821
18 65 5007
18 71 7578
18 74 3048
18 79 5682
18 89 4270
18 91 936
18 94 7418
19 30 3965
19 33 7246
19 34 8170
19 35 6309
19 66 2321
19 71 3988
19 73 4655
19 75 4108
19 85 3932
19 86 1040
19 87 1086
19 96 2551
20 21 2342
20 36 7576
20 38 3374
20 46 672
20 47 9916
20 49 6123
20 50 7838
20 51 981
20 55 5541
20 59 108
20 60 8400
20 64 7843
20 67 9527
20 68 1984
20 74 10128
20 77 1782
20 78 2370
20 79 6134
20 80 3590
20 89 4010
20 90 6277
20 91 9445
20 94 10178
20 95 2154
21 22 4224
21 25 8435
21 27 1894
21 34 8322
21 37 8992
21 38 10081
21 55 491
21 63 6547
21 68 8971
21 70 5205
21 81 3735
21 92 514
21 98 346
22 28 51
22 33 3123
22 35 3734
22 39 3356
22 46 5414
22 53 6556
22 58 4568
22 60 5208
22 66 7560
22 81 4151
22 84 159
22 93 4850
22 98 9689
23 30 4506
23 35 7380
23 36 8563
23 39 1542
23 41 5543
23 44 8401
23 51 2866
23 80 5288
23 83 8333
23 88 6131
23 90 4118
23 91 3495
23 94 9000
23 95 9437
23 96 1453
24 29 6739
24 30 3082
24 32 9130
24 36 8399
24 48 10030
24 52 2466
24 55 7158
24 56 2587
24 59 7378
24 72 989
24 73 3511
24 79 7132
24 81 6428
24 84 5689
24 89 7726
25 26 7130
25 32 7175
25 48 1044
25 49 2126
25 56 2790
25 62 6426
25 65 8869
25 71 5703
25 79 2890
25 83 1805
25 85 9340
25 89 6385
25 90 8892
26 29 3137
26 39 1506
26 40 9390
26 48 9505
26 61 5232
26 63 4308
26 80 3389
26 82 7424
26 90 2535
26 91 5873
27 30 8145
27 32 8079
27 33 2748
27 34 171
27 47 1659
27 53 3586
27 55 7765
27 56 1407
27 64 4172
27 70 9991
27 75 3343
27 77 818
27 83 93
27 88 7364
28 29 7505
28 42 9623
28 49 3037
28 56 9331
28 57 1665
28 59 1431
28 65 1639
28 66 5878
28 79 4607
28 84 2655
28 85 6539
28 86 2796
28 91 5904
28 94 2230
28 95 2989
29 30 699
29 31 2229
29 33 8999
29 38 355
29 39 1353
29 57 8280
29 62 9990
29 63 338
29 68 1810
29 71 5155
29 72 5970
29 78 9442
29 80 8616
29 82 3913
29 87 5654
29 88 8262
29 91 354
29 97 8498
30 31 7548
30 33 4953
30 35 8765
30 40 3813
30 42 7657
30 47 4189
30 48 7671
30 54 8166
30 56 6857
30 57 2068
30 58 9608
30 60 10079
30 63 4052
30 71 4805
30 72 3528
30 74 8997
30 75 5462
30 94 9231
31 32 5789
31 37 5820
31 38 9494
31 39 7768
31 42 2762
31 45 9133
31 46 3313
31 53 7757
31 57 4743
31 68 6733
31 69 185
31 75 6144
31 76 1708
31 83 4497
31 84 8803
31 85 3773
31 88 2185
31 90 6872
31 97 7037
32 42 4723
32 44 1909
32 47 7798
32 48 8553
32 50 4629
32 52 7087
32 56 9751
32 57 8540
32 60 8666
32 75 4503
32 76 4174
32 80 3976
32 82 10027
32 83 50
32 84 2882
32 91 343
32 98 2403
33 36 4195
33 42 1694
33 54 8423
33 64 4578
33 66 404
33 67 2386
33 76 4490
33 77 1924
33 79 262
33 80 243
33 83 2253
33 97 7764
33 98 2705
34 36 6393
34 41 1994
34 45 1276
34 50 3379
34 51 4508
34 60 8571
34 61 3366
34 62 1167
34 78 2644
34 93 549
34 97 1496
34 99 1683
35 41 6289
35 47 1701
35 55 7492
35 57 5206
35 60 7711
35 71 3548
35 73 973
35 76 610
35 77 2904
35 78 3338
35 80 4704
35 81 4532
35 82 1600
35 84 1253
35 86 5475
35 92 1811
35 94 9091
36 41 6308
36 45 6527
36 66 772
36 69 1875
36 73 1146
36 75 1128
36 82 8391
36 94 2603
37 50 9983
37 57 244
37 61 3242
37 63 5944
37 65 641
37 67 4330
37 68 1702
37 71 9212
37 72 115
37 74 5189
37 83 9848
37 86 5008
37 88 2026
37 90 5065
38 44 5688
38 52 3271
38 53 8656
38 57 2351
38 60 8457
38 65 4493
38 82 4718
38 85 1479
38 95 1828
39 42 4858
39 57 9564
39 58 1265
39 59 9386
39 60 1795
39 63 6610
39 71 5457
39 75 4404
39 89 5609
39 92 5893
39 94 3036
39 97 9732
39 99 6725
40 41 7744
40 42 3268
40 44 7507
40 46 1462
40 58 2598
40 61 1641
40 64 1888
40 69 9021
40 73 7430
40 75 2974
40 83 2371
40 84 1251
40 86 8951
40 93 9932
40 97 8125
41 51 2448
41 58 5214
41 59 513
41 61 4095
41 67 1055
41 68 3130
41 72 6315
41 80 1393
41 87 10094
41 88 990
41 89 2102
41 95 7285
41 96 3290
41 97 7561
41 98 1402
42 48 8307
42 50 7625
42 51 1595
42 55 628
42 61 118
42 63 209
42 67 3776
42 71 2411
42 75 3015
42 78 3121
42 79 1927
42 83 6622
42 87 3055
42 92 4986
42 99 1647
43 45 661
43 46 5378
43 49 8732
43 76 6396
43 78 4185
43 79 10056
43 84 4571
43 90 474
43 96 4759
44 49 3033
44 50 4483
44 52 6641
44 63 4066
44 72 2651
44 80 2773
44 88 8626
44 92 1642
44 94 9791
44 95 7391
44 96 1325
45 57 8056
45 60 4715
45 65 9503
45 69 6727
45 77 2290
45 80 756
45 83 4160
45 87 3479
45 98 2094
46 47 5974
46 48 5809
46 57 621
46 58 3843
46 61 9697
46 66 9491
46 72 1082
46 74 6648
46 80 4748
46 83 9674
46 89 3365
46 93 9106
47 54 7944
47 59 6989
47 62 6768
47 66 2201
47 69 3362
47 81 5793
47 82 1277
47 85 3105
48 50 4243
48 53 9502
48 56 9403
48 57 9294
48 59 5454
48 61 8610
48 63 4395
48 65 5855
48 83 6964
48 92 1049
49 50 7445
49 52 2883
49 54 4803
49 60 6757
49 61 4712
49 71 6361
49 72 10142
49 77 9183
49 83 9120
49 87 5277
50 56 45
50 58 1043
50 64 178
50 67 1883
50 69 4714
50 71 7377
50 73 4305
50 76 5168
50 84 74
50 88 4720
50 95 1185
51 53 2032
51 63 1689
51 69 4406
51 77 3345
51 83 4616
51 87 8239
51 88 670
51 89 5408
52 57 5092
52 60 9202
52 65 7908
52 70 5003
52 77 5880
52 83 7334
52 85 8640
53 59 2133
53 65 134
53 70 1705
53 71 8039
53 73 442
53 84 5790
53 87 9555
53 89 5106
53 94 7627
53 97 8779
54 58 8062
54 59 700
54 64 8240
54 79 2445
54 86 1365
54 88 8698
54 90 9188
54 91 6924
55 62 2273
55 67 9109
55 71 1748
55 72 2301
55 79 9220
55 80 3816
55 81 4015
55 84 4974
55 89 5039
55 90 10107
55 92 9311
55 93 3326
56 65 7325
56 68 7354
56 74 6067
56 98 7970
57 67 7310
57 68 2921
57 69 328
57 72 9078
57 76 6062
57 78 7061
57 79 2172
57 80 7131
57 86 931
57 94 8038
57 97 1615
58 60 7589
58 64 8871
58 67 444
58 69 1237
58 70 3218
58 72 9254
58 93 5883
59 64 8380
59 73 5549
59 75 5435
59 79 6885
59 89 2078
59 92 3807
59 96 3155
59 99 9889
60 61 112
60 62 80
60 63 4911
60 71 6218
60 76 7959
60 79 6317
60 83 9035
60 87 2970
60 90 7311
60 95 7239
61 64 5539
61 67 5198
61 74 5470
61 79 4585
61 83 930
61 89 6523
61 93 7055
61 99 2650
62 66 9026
62 69 6216
62 73 3470
62 75 1187
62 85 2249
62 86 6972
62 87 6081
62 89 9148
62 92 1375
62 94 7835
62 96 4933
63 66 9300
63 69 2072
63 70 4833
63 82 6263
63 86 2104
63 89 7684
63 91 1624
63 93 8493
64 65 2738
64 70 6906
64 81 6318
64 83 3637
64 88 4558
64 89 7773
64 91 7987
64 92 9138
64 95 1025
65 68 73
65 70 8004
65 80 7587
65 81 8119
65 83 5759
65 96 7232
65 99 9353
66 79 5856
66 82 8913
66 84 1526
66 85 8063
66 86 8618
66 87 6359
66 90 2329
66 98 5612
67 69 6538
67 70 3081
67 83 8237
67 87 10077
67 94 8635
67 97 4087
67 98 1631
68 69 1409
68 71 1895
68 72 8324
68 73 3417
68 75 8926
68 82 258
68 96 10136
68 98 6417
68 99 9797
69 79 8596
69 85 6125
69 91 5434
69 95 9125
69 97 4495
70 71 4427
70 79 350
70 80 4588
70 82 4103
70 84 8977
70 86 1162
70 87 8672
70 91 359
70 96 4511
70 97 3556
70 98 8945
71 72 208
71 75 8057
71 76 6252
71 81 5175
71 85 7956
71 93 9250
71 96 5300
71 98 4248
72 75 3294
72 76 2634
72 81 7008
72 84 9614
72 91 1433
72 94 3249
72 99 5745
73 77 660
73 78 1824
73 85 3540
73 92 7366
74 77 4059
74 78 8734
74 79 8985
74 83 8677
74 85 8859
74 97 1405
74 99 7209
75 79 5042
75 80 4238
75 88 4719
75 89 3426
75 94 4075
75 96 6668
76 77 99
77 80 890
77 89 2760
77 93 5912
77 94 5024
77 96 2004
78 88 9147
78 94 9947
79 82 1084
79 90 8602
79 95 4133
80 97 9356
80 98 9471
81 82 2909
81 86 9322
81 90 4575
81 93 7000
81 96 4262
81 97 6619
81 98 7374
83 84 7825
85 87 8386
85 88 2073
85 97 6896
86 87 7370
87 98 6154
88 93 1172
88 94 9192
89 97 199
89 99 9293
91 95 2348
92 95 808
93 97 654
95 97 6707
