100 1018
0 2 8866
0 8 3091
0 11 1405
0 15 7381
0 21 2431
0 28 2848
0 29 6076
0 30 8197
0 31 5976
0 36 3517
0 40 2347
0 55 6796
0 61 1854
0 62 4771
0 65 4811
0 70 2645
0 73 3684
0 82 5541
0 83 463
0 88 2318
0 90 5389
1 4 8305
1 7 1340
1 10 3299
1 19 4920
1 23 110
1 26 4524
1 28 2143
1 31 5157
1 32 2027
1 34 5246
1 36 9655
1 46 5768
1 71 5103
1 75 9264
1 78 10099
1 81 7157
1 86 948
1 95 5525
1 98 9260
2 7 7521
2 17 9700
2 18 2421
2 25 5393
2 26 343
2 29 208
2 35 582
2 40 6465
2 41 875
2 46 5958
2 49 4190
2 51 1512
2 53 190
2 61 1730
2 64 8930
2 75 7130
2 76 9251
2 79 7710
2 80 8560
2 83 1229
2 85 8962
2 98 7068
3 5 200
3 9 6051
3 22 1009
3 23 428
3 25 8111
3 32 2825
3 45 3395
3 46 3490
3 48 4835
3 52 4518
3 59 9308
3 62 3153
3 69 3542
3 82 9286
3 83 7239
3 91 5295
3 93 2941
3 98 10050
3 99 7853
4 7 715
4 13 3513
4 23 9578
4 24 10172
4 25 1072
4 35 7147
4 39 2721
4 43 684
4 45 7950
4 48 6315
4 50 5864
4 53 140
4 59 3385
4 60 1214
4 65 6397
4 69 9956
4 76 3755
4 79 7666
4 81 4601
4 83 7967
4 91 4775
4 98 3604
5 7 5207
5 9 5532
5 11 5731
5 17 1040
5 18 4706
5 22 8820
5 26 8325
5 41 5236
5 46 3934
5 50 6313
5 53 9460
5 58 1829
5 61 5547
5 63 9105
5 66 879
5 70 8863
5 72 4515
5 76 9172
5 79 5647
5 86 1963
5 90 6908
6 8 3958
6 11 9779
6 30 9518
6 37 7757
6 45 7646
6 54 4808
6 61 7174
6 64 3872
6 75 235
6 83 1131
6 84 8047
6 86 9063
6 92 8486
6 94 2729
6 95 677
7 8 7173
7 9 4054
7 14 7783
7 16 9082
7 21 4239
7 23 474
7 24 2020
7 27 1538
7 29 930
7 30 5169
7 42 5205
7 44 3772
7 46 3510
7 48 749
7 56 5859
7 57 9652
7 68 1795
7 75 8901
7 82 1855
7 85 4349
7 89 8512
7 93 6129
7 94 6614
8 11 5391
8 12 6602
8 18 2333
8 21 4664
8 22 6864
8 23 6333
8 32 1570
8 35 8878
8 36 6709
8 37 5827
8 39 7915
8 40 4017
8 69 176
8 71 2820
8 72 3819
8 81 7568
8 86 2328
8 91 114
8 92 644
9 11 9045
9 16 4647
9 19 2580
9 27 9570
9 30 6300
9 32 5307
9 36 10136
9 39 8158
9 41 2043
9 51 4253
9 57 8205
9 63 4039
9 66 5344
9 92 9958
9 94 5588
9 99 1601
10 18 9633
10 20 9837
10 30 6091
10 35 7514
10 37 5701
10 39 9309
10 48 4778
10 54 6296
10 56 502
10 58 373
10 59 8917
10 62 6998
10 69 3128
10 72 9835
10 73 5197
10 74 5208
10 76 9008
10 85 7869
10 87 6311
10 91 8039
10 97 4993
11 18 1204
11 29 6792
11 42 1222
11 48 8429
11 49 1555
11 51 1739
11 53 6932
11 55 282
11 57 9464
11 70 3687
11 73 4966
11 75 1473
11 77 1908
11 82 409
11 83 8842
11 86 1269
11 88 5954
11 89 1653
12 13 2052
12 17 9615
12 25 1649
12 32 9271
12 34 3918
12 35 3185
12 36 8778
12 39 2682
12 66 7009
12 72 1510
12 74 5837
12 77 10129
12 78 3887
12 89 2203
12 94 2806
13 22 6428
13 23 8764
13 24 2046
13 37 8599
13 40 3660
13 42 8235
13 49 7081
13 51 7392
13 56 3196
13 59 2049
13 63 3525
13 64 5269
13 66 3628
13 67 9334
13 77 4276
13 82 2564
13 89 127
13 92 2972
13 93 4550
13 95 1080
13 98 2204
14 15 6645
14 21 4967
14 35 2332
14 37 3151
14 41 2925
14 43 1307
14 50 1049
14 51 1370
14 54 3999
14 71 5977
14 73 888
14 91 8004
14 96 5998
15 26 7024
15 30 2407
15 32 7476
15 33 7565
15 37 2765
15 38 3145
15 44 68
15 48 1703
15 50 6079
15 65 1990
15 79 8853
15 91 4164
15 93 5301
15 95 4249
15 96 2392
15 98 9791
16 17 2225
16 20 7215
16 22 5919
16 29 6826
16 35 1352
16 36 7839
16 38 5601
16 48 4541
16 50 166
16 52 832
16 53 6097
16 58 5975
16 59 9340
16 61 10031
16 64 1760
16 65 4210
16 69 2326
16 72 3818
16 76 1308
16 93 8007
16 95 3019
17 21 1518
17 22 4801
17 28 9853
17 53 4883
17 54 5017
17 55 848
17 56 2541
17 61 555
17 62 6902
17 67 3558
17 68 7605
17 75 9187
17 76 2062
17 80 5680
17 82 1774
17 87 3900
17 92 735
17 93 1691
18 21 3880
18 27 6369
18 29 6522
18 35 9725
18 36 1426
18 37 12
18 44 6209
18 59 8421
18 61 668
18 62 7079
18 65 8651
18 71 5439
18 74 743
18 79 940
18 89 7437
18 91 8859
18 94 106
19 30 7559
19 33 511
19 34 354
19 35 3285
19 66 10142
19 71 5385
19 73 4615
19 75 2376
19 85 6349
19 86 9999
19 87 4053
19 96 2587
20 21 4262
20 36 124
20 38 2610
20 46 9720
20 47 2287
20 49 3527
20 50 7860
20 51 2276
20 55 5110
20 59 379
20 60 8358
20 64 8686
20 67 8556
20 68 10065
20 74 3130
20 77 1624
20 78 8673
20 79 2123
20 80 1234
20 89 1861
20 90 1146
20 91 1964
20 94 4098
20 95 488
21 22 6682
21 25 7110
21 27 3426
21 34 5894
21 37 9171
21 38 7432
21 55 8243
21 63 7407
21 68 6012
21 70 6221
21 81 1814
21 92 6080
21 98 3272
22 28 399
22 33 8246
22 35 2593
22 39 9022
22 46 1025
22 53 1966
22 58 7924
22 60 10174
22 66 7619
22 81 2181
22 84 8301
22 93 5088
22 98 7266
23 30 8357
23 35 1994
23 36 2369
23 39 8631
23 41 346
23 44 7763
23 51 9400
23 80 7886
23 83 9740
23 88 8443
23 90 4530
23 91 5924
23 94 3054
23 95 5037
23 96 7774
24 29 7231
24 30 5455
24 32 2935
24 36 4840
24 48 6695
24 52 9535
24 55 2926
24 56 2785
24 59 9645
24 72 7978
24 73 6799
24 79 44
24 81 4352
24 84 1486
24 89 3845
25 26 7198
25 32 8371
25 48 5916
25 49 6031
25 56 10033
25 62 7638
25 65 3732
25 71 5360
25 79 4751
25 83 1490
25 85 352
25 89 3941
25 90 8175
26 29 5994
26 39 500
26 40 4213
26 48 3294
26 61 8913
26 63 1047
26 80 3760
26 82 3609
26 90 1306
26 91 9141
27 30 802
27 32 5869
27 33 7818
27 34 6961
27 47 9133
27 53 4777
27 55 9849
27 56 9370
27 64 6785
27 70 7289
27 75 9868
27 77 3381
27 83 1965
27 88 7343
28 29 6943
28 42 101
28 49 3329
28 56 3992
28 57 2591
28 59 2555
28 65 2676
28 66 8361
28 79 5622
28 84 3150
28 85 649
28 86 2310
28 91 2711
28 94 4004
28 95 3118
29 30 976
29 31 6579
29 33 3246
29 38 1838
29 39 465
29 57 1298
29 62 7879
29 63 556
29 68 5613
29 71 5304
29 72 3006
29 78 9967
29 80 1769
29 82 9287
29 87 232
29 88 3087
29 91 2794
29 97 3720
30 31 2115
30 33 5472
30 35 2815
30 40 6900
30 42 4447
30 47 1535
30 48 8977
30 54 4765
30 56 3667
30 57 4719
30 58 7312
30 60 6857
30 63 2454
30 71 7484
30 72 3432
30 74 602
30 75 1635
30 94 4850
31 32 1978
31 37 4275
31 38 3176
31 39 39
31 42 9112
31 45 6194
31 46 5142
31 53 4796
31 57 4718
31 68 5218
31 69 2536
31 75 9885
31 76 2871
31 83 5684
31 84 9436
31 85 9957
31 88 855
31 90 6020
31 97 3444
32 42 5770
32 44 5094
32 47 5896
32 48 128
32 50 9815
32 52 1796
32 56 1597
32 57 1847
32 60 3435
32 75 2903
32 76 5281
32 80 9389
32 82 3261
32 83 5252
32 84 4942
32 91 7721
32 98 2648
33 36 4455
33 42 2979
33 54 35
33 64 3635
33 66 6228
33 67 418
33 76 1379
33 77 8515
33 79 1188
33 80 5582
33 83 4563
33 97 5612
33 98 6667
34 36 6170
34 41 10165
34 45 1596
34 50 7346
34 51 3985
34 60 3248
34 61 9866
34 62 464
34 78 4628
34 93 6644
34 97 2770
34 99 6784
35 41 5922
35 47 9147
35 55 7389
35 57 1622
35 60 4684
35 71 8614
35 73 3096
35 76 2033
35 77 8535
35 78 8340
35 80 8844
35 81 5231
35 82 9366
35 84 1268
35 86 3277
35 92 3200
35 94 7746
36 41 5554
36 45 4674
36 66 4928
36 69 6052
36 73 3322
36 75 9993
36 82 7287
36 94 4316
37 50 2943
37 57 4171
37 61 7625
37 63 4480
37 65 3869
37 67 1762
37 68 9726
37 71 243
37 72 3631
37 74 7029
37 83 8104
37 86 9219
37 88 1348
37 90 7706
38 44 4699
38 52 5431
38 53 8682
38 57 5871
38 60 2348
38 65 6473
38 82 1174
38 85 2048
38 95 596
39 42 6044
39 57 2031
39 58 8107
39 59 4351
39 60 10135
39 63 8097
39 71 6234
39 75 4717
39 89 9076
39 92 8146
39 94 3854
39 97 6086
39 99 60
40 41 8237
40 42 1655
40 44 4851
40 46 6475
40 58 2657
40 61 8500
40 64 9223
40 69 10070
40 73 4062
40 75 4315
40 83 1357
40 84 4523
40 86 6802
40 93 7556
40 97 8241
41 51 657
41 58 9003
41 59 7472
41 61 2306
41 67 1590
41 68 1115
41 72 8654
41 80 9766
41 87 9240
41 88 2337
41 89 6000
41 95 2154
41 96 6302
41 97 2550
41 98 3487
42 48 9605
42 50 9854
42 51 7281
42 55 438
42 61 9962
42 63 8641
42 67 3639
42 71 7629
42 75 1761
42 78 1289
42 79 2788
42 83 6825
42 87 3245
42 92 5565
42 99 3234
43 45 4941
43 46 18
43 49 1078
43 76 3105
43 78 9313
43 79 9159
43 84 6824
43 90 10025
43 96 7182
44 49 4476
44 50 6270
44 52 5935
44 63 1502
44 72 9551
44 80 5655
44 88 6062
44 92 7036
44 94 9554
44 95 149
44 96 1127
45 57 7430
45 60 4468
45 65 7649
45 69 8327
45 77 394
45 80 5377
45 83 6655
45 87 5595
45 98 4623
46 47 10124
46 48 5873
46 57 9757
46 58 6180
46 61 8392
46 66 4904
46 72 7164
46 74 5841
46 80 7021
46 83 1197
46 89 6705
46 93 7137
47 54 3808
47 59 4653
47 62 7794
47 66 6147
47 69 1350
47 81 7951
47 82 9037
47 85 1431
48 50 9419
48 53 4892
48 56 6456
48 57 6365
48 59 2617
48 61 1986
48 63 3102
48 65 4393
48 83 3952
48 92 1604
49 50 4875
49 52 733
49 54 8914
49 60 117
49 61 695
49 71 3159
49 72 7561
49 77 7408
49 83 652
49 87 9365
50 56 4559
50 58 4012
50 64 4792
50 67 7659
50 69 277
50 71 2590
50 73 6661
50 76 2831
50 84 8572
50 88 2569
50 95 5400
51 53 1840
51 63 374
51 69 7695
51 77 4491
51 83 2330
51 87 6253
51 88 783
51 89 2041
52 57 4321
52 60 2058
52 65 4657
52 70 3981
52 77 5168
52 83 9064
52 85 4945
53 59 7701
53 65 7857
53 70 6536
53 71 6351
53 73 8092
53 84 3611
53 87 3713
53 89 4554
53 94 4496
53 97 8267
54 58 10098
54 59 985
54 64 8816
54 79 2250
54 86 8719
54 88 5915
54 90 6966
54 91 7276
55 62 242
55 67 4781
55 71 6202
55 72 9358
55 79 6049
55 80 9326
55 81 5176
55 84 6117
55 89 7806
55 90 9314
55 92 8646
55 93 9409
56 65 5422
56 68 4096
56 74 2880
56 98 5326
57 67 3209
57 68 2678
57 69 4001
57 72 8280
57 76 804
57 78 2193
57 79 8335
57 80 3882
57 86 9534
57 94 9074
57 97 9765
58 60 4897
58 64 6461
58 67 8715
58 69 1209
58 70 2359
58 72 1104
58 93 2438
59 64 6743
59 73 9320
59 75 1807
59 79 2496
59 89 5594
59 92 8950
59 96 9550
59 99 6200
60 61 810
60 62 152
60 63 7674
60 71 5818
60 76 9847
60 79 1178
60 83 519
60 87 7844
60 90 9246
60 95 925
61 64 1419
61 67 7140
61 74 3321
61 79 204
61 83 9856
61 89 7545
61 93 5729
61 99 9660
62 66 1288
62 69 9647
62 73 5771
62 75 1713
62 85 7767
62 86 2954
62 87 5593
62 89 5726
62 92 4072
62 94 3524
62 96 8434
63 66 4591
63 69 6305
63 70 5951
63 82 6078
63 86 2533
63 89 1362
63 91 7816
63 93 7426
64 65 6804
64 70 7498
64 81 4380
64 83 6714
64 88 3104
64 89 2053
64 91 5576
64 92 4162
64 95 4264
65 68 2557
65 70 525
65 80 6574
65 81 3001
65 83 1444
65 96 9542
65 99 9183
66 79 10027
66 82 10046
66 84 7444
66 85 6894
66 86 8074
66 87 7975
66 90 4989
66 98 5933
67 69 710
67 70 6408
67 83 998
67 87 1015
67 94 458
67 97 3595
67 98 7566
68 69 2665
68 71 6624
68 72 516
68 73 3573
68 75 9512
68 82 7370
68 96 1219
68 98 1396
68 99 8279
69 79 5583
69 85 9619
69 91 1329
69 95 9978
69 97 8035
70 71 3027
70 79 8847
70 80 2736
70 82 1275
70 84 8843
70 86 8101
70 87 7838
70 91 1167
70 96 2070
70 97 8319
70 98 4269
71 72 9822
71 75 8911
71 76 7852
71 81 702
71 85 9014
71 93 7525
71 96 4500
71 98 8723
72 75 724
72 76 7957
72 81 2586
72 84 380
72 91 954
72 94 6277
72 99 1985
73 77 7207
73 78 151
73 85 6817
73 92 10080
74 77 7168
74 78 5713
74 79 10116
74 83 3305
74 85 9977
74 97 6281
74 99 3253
75 79 6551
75 80 8621
75 88 533
75 89 9562
75 94 3791
75 96 2254
76 77 9602
77 80 1608
77 89 728
77 93 4610
77 94 6337
77 96 5460
78 88 10045
78 94 5060
79 82 4668
79 90 8248
79 95 8483
80 97 5257
80 98 7848
81 82 5676
81 86 5163
81 90 9281
81 93 7115
81 96 744
81 97 15
81 98 99
83 84 1639
85 87 5202
85 88 5475
85 97 5022
86 87 58
87 98 3767
88 93 2646
88 94 3263
89 97 2559
89 99 1575
91 95 544
92 95 3018
93 97 6834
95 97 4066
